bar start  perc  harm pshare hi_harm kick
  1   1.50  0.74  0.78  0.136  0.0750  0.48
  2   3.66  0.68  0.46  0.196  0.1082  0.44
  3   5.78  0.60  0.41  0.194  0.0074  0.71
  4   7.92  0.79  0.38  0.257  0.0279  0.99
  5  10.07  0.72  0.42  0.220  0.0049  0.68
  6  12.21  0.92  0.45  0.251  0.0508  0.64
  7  14.36  0.94  0.98  0.136  0.0105  0.78
  8  16.50  1.05  0.97  0.152  0.0308  0.95
  9  18.65  0.91  1.04  0.126  0.0150  0.91
 10  20.79  1.02  0.91  0.155  0.0321  1.10
 11  22.93  0.83  0.91  0.131  0.0179  1.15
 12  25.08  1.01  0.87  0.161  0.0422  0.67
 13  27.23  0.79  0.87  0.129  0.0173  0.70
 14  29.35  0.78  0.51  0.203  0.0481  0.79
 15  31.51  0.96  0.54  0.228  0.0184  0.67
 16  33.65  1.09  0.75  0.192  0.0192  0.93
 17  35.79  1.37  1.00  0.185  0.0240  1.56
 18  37.90  2.53  0.82  0.337  0.0795  4.45
 19  40.08  1.05  1.07  0.140  0.0327  1.32
 20  42.23  0.98  1.03  0.136  0.0303  1.01
 21  44.36  0.90  1.12  0.117  0.0191  0.76
 22  46.51  0.98  1.06  0.132  0.0218  1.17
 23  48.65  1.01  1.08  0.133  0.0330  1.06
 24  50.79  1.06  1.05  0.142  0.0476  1.19
 25  52.94  0.92  1.31  0.104  0.0288  0.78
 26  55.08  1.17  1.01  0.160  0.0327  0.93
 27  57.23  1.06  1.03  0.146  0.0272  1.04
 28  59.36  1.12  0.95  0.163  0.0493  1.09
 29  61.50  1.13  1.04  0.153  0.0324  0.88
 30  63.66  0.98  1.15  0.123  0.0353  1.19
 31  65.79  0.98  1.08  0.130  0.0324  1.37
 32  67.93  0.70  1.46  0.073  0.0237  0.79
 33  70.06  0.43  1.51  0.045  0.0346  0.25
 34  72.21  1.07  0.80  0.180  0.0589  0.77
 35  74.36  1.25  0.85  0.196  0.0082  1.19
 36  76.50  1.27  0.85  0.198  0.0084  1.43
 37  78.65  1.12  0.84  0.180  0.0081  0.93
 38  80.79  1.22  0.70  0.223  0.0336  1.92
 39  82.94  1.07  0.88  0.167  0.0325  0.92
 40  85.08  1.15  0.68  0.218  0.0482  1.64
 41  87.23  0.98  0.82  0.164  0.0278  0.85
 42  89.37  0.73  0.69  0.148  0.0315  0.40
 43  91.51  0.88  0.74  0.165  0.0125  0.41
 44  93.66  1.08  0.78  0.186  0.0149  1.23
 45  95.79  1.50  0.97  0.203  0.0565  1.46
 46  97.93  2.26  0.83  0.310  0.0510  4.46
 47 100.08  1.04  1.06  0.139  0.0311  1.30
 48 102.23  1.00  1.09  0.131  0.0279  1.15
 49 104.36  0.93  1.15  0.117  0.0213  0.81
 50 106.51  0.96  1.06  0.130  0.0251  1.05
 51 108.65  1.01  1.08  0.133  0.0402  0.97
 52 110.79  1.02  1.15  0.128  0.0496  1.02
 53 112.94  0.84  1.36  0.093  0.0334  0.75
 54 115.08  1.20  1.01  0.164  0.0373  0.99
 55 117.23  1.05  1.06  0.140  0.0283  1.05
 56 119.36  1.23  0.96  0.175  0.0505  1.27
 57 121.51  1.09  1.05  0.147  0.0343  0.87
 58 123.65  1.01  1.13  0.129  0.0348  1.14
 59 125.79  1.00  1.10  0.131  0.0293  1.30
 60 127.92  0.79  1.49  0.080  0.0279  0.80
 61 130.06  0.44  1.61  0.043  0.0327  0.24
 62 132.21  1.02  0.72  0.190  0.0647  0.71
 63 134.36  0.98  0.91  0.151  0.0045  1.48
 64 136.50  0.92  0.94  0.140  0.0052  2.01
 65 138.65  0.92  0.96  0.137  0.0041  1.43
 66 140.78  0.92  0.82  0.157  0.0219  1.81
 67 142.91  0.99  0.52  0.238  0.0897  1.37
 68 145.08  1.13  0.64  0.225  0.0265  2.50
 69 147.22  0.85  0.94  0.130  0.0283  0.74
 70 149.36  0.78  1.24  0.095  0.0220  0.62
 71 151.51  0.97  1.04  0.133  0.0336  1.01
 72 153.65  0.99  1.03  0.137  0.0400  1.12
 73 155.79  1.04  1.00  0.146  0.0579  1.04
 74 157.94  0.95  1.24  0.112  0.0330  0.62
 75 160.08  1.14  1.05  0.152  0.0333  0.94
 76 162.23  1.14  1.17  0.138  0.0314  1.27
 77 164.36  1.21  1.04  0.161  0.0437  1.26
 78 166.51  1.24  1.05  0.163  0.0414  0.90
 79 168.65  1.26  1.16  0.153  0.0881  1.14
 80 170.79  1.08  1.14  0.135  0.0517  1.29
 81 172.93  0.93  0.95  0.139  0.0369  0.87
 82 175.06  0.96  1.18  0.118  0.0719  0.23
pre  0.00  1.03  0.22  0.438  0.1013  1.89
key top3: [('D# minor', 0.458), ('C# major', 0.403), ('F# major', 0.271)]
