clean: bpm jitter_ms -> regr_err median_err resid/beat
    60.0    0 ->  -0.000  +0.093  0.003
    60.0    5 ->  +0.000  +0.093  0.006
    60.0   10 ->  -0.000  +0.093  0.010
    60.0   15 ->  -0.001  +0.093  0.015
    76.0    0 ->  -0.000  -0.000  0.000
    76.0    5 ->  +0.000  -0.000  0.008
    76.0   10 ->  -0.000  -0.000  0.014
    76.0   15 ->  -0.001  -0.000  0.020
   100.0    0 ->  -0.000  -0.616  0.006
   100.0    5 ->  -0.000  -0.616  0.010
   100.0   10 ->  -0.000  -0.616  0.019
   100.0   15 ->  +0.001  -0.616  0.025
   112.0    0 ->  -0.001  +0.347  0.006
   112.0    5 ->  -0.001  +0.347  0.011
   112.0   10 ->  +0.001  +0.347  0.019
   112.0   15 ->  -0.001  +0.347  0.028
   128.5    0 ->  +0.000  +0.699  0.007
   128.5    5 ->  +0.001  +0.699  0.013
   128.5   10 ->  +0.000  +0.699  0.022
   128.5   15 ->  -0.008  +0.699  0.033
   139.7    0 ->  +0.003  -0.025  0.008
   139.7    5 ->  -0.001  -0.025  0.014
   139.7   10 ->  -0.002  -0.025  0.025
   139.7   15 ->  -0.001  -0.025  0.037
   160.0    0 ->  -0.001  +1.499  0.009
   160.0    5 ->  -0.001  +1.499  0.017
   160.0   10 ->  +0.001  +1.499  0.028
   160.0   15 ->  +0.011  +1.499  0.040
   200.0    0 ->  -0.000  -1.232  0.011
   200.0    5 ->  -0.001  -1.232  0.019
   200.0   10 ->  +0.003  -1.232  0.035
   200.0   15 ->  +0.004  -1.232  0.050
worst clean resid/beat = 0.050
structural: kind bpm pos -> regr_err resid/beat
  drop     76.0 0.05 ->  -0.000  0.007
  drop     76.0 0.25 ->  -0.000  0.006
  drop     76.0 0.50 ->  -0.000  0.008
  drop     76.0 0.75 ->  -0.000  0.007
  drop     76.0 0.95 ->  -0.001  0.007
  insert   76.0 0.05 ->  +0.074  0.203
  insert   76.0 0.25 ->  +0.285  0.285
  insert   76.0 0.50 ->  +0.381  0.250
  insert   76.0 0.75 ->  +0.285  0.287
  insert   76.0 0.95 ->  +0.074  0.202
  drop    112.0 0.05 ->  -0.002  0.011
  drop    112.0 0.25 ->  +0.001  0.011
  drop    112.0 0.50 ->  -0.000  0.012
  drop    112.0 0.75 ->  -0.001  0.012
  drop    112.0 0.95 ->  -0.001  0.012
  insert  112.0 0.05 ->  +0.108  0.201
  insert  112.0 0.25 ->  +0.421  0.285
  insert  112.0 0.50 ->  +0.562  0.250
  insert  112.0 0.75 ->  +0.420  0.286
  insert  112.0 0.95 ->  +0.109  0.203
  drop    160.0 0.05 ->  +0.001  0.016
  drop    160.0 0.25 ->  -0.003  0.014
  drop    160.0 0.50 ->  -0.001  0.015
  drop    160.0 0.75 ->  +0.002  0.016
  drop    160.0 0.95 ->  -0.004  0.016
  insert  160.0 0.05 ->  +0.157  0.204
  insert  160.0 0.25 ->  +0.600  0.287
  insert  160.0 0.50 ->  +0.800  0.250
  insert  160.0 0.75 ->  +0.601  0.286
  insert  160.0 0.95 ->  +0.156  0.202
smallest resid/beat among structural cases with |err|>0.05 = 0.201
