=== SONGCUE base 38a6e7e ===
hunk 수: 93
시작점: 11 12 14 18 27 31 33 49 104 125 160 162 171 184 302 304 306 308 345 367 410 426 434 437 440 444 447 455 459 467 473 477 481 483 591 593 620 704 775 781 789 794 797 800 804 923 928 952 965 971 975 977 984 986 989 993 995 1004 1007 1011 1013 1035 1048 1061 1067 1070 1072 1081 1088 1096 1103 1110 1113 1116 1118 1122 1124 1129 1167 1175 1177 1179 1181 1183 1192 1196 1198 1210 1213 1220 1223 1225 1231
보호 구간 ((234, 238), (524, 569)) 겹침: 0
겹침 술어 비공허성: 심어둔 hunk 는 잡고, 바로 밖은 안 잡는다

=== PRECHK base 95687a0 ===
hunk 수: 113
시작점: 11 12 14 18 27 31 34 37 41 44 61 116 139 173 175 184 197 315 317 319 321 358 380 423 439 447 450 453 457 460 468 472 480 486 490 494 496 604 606 633 717 788 794 802 807 810 813 817 936 941 990 998 1000 1033 1090 1133 1154 1159 1161 1164 1193 1201 1204 1214 1223 1241 1253 1322 1324 1333 1340 1348 1355 1362 1365 1368 1370 1374 1376 1381 1392 1398 1419 1427 1429 1431 1433 1435 1444 1448 1450 1462 1463 1465 1472 1476 1478 1489 1491 1493 1494 1496 1500 1505 1507 1532 1536 1538 1544 1549 1552 1554 1561
보호 구간 ((247, 251), (537, 582)) 겹침: 0
겹침 술어 비공허성: 심어둔 hunk 는 잡고, 바로 밖은 안 잡는다

